Running comp/001_aim-100-1_6-no-1_u.cnf INC

Number of Variables: 100
Number of Clauses: 160

TIMEOUT of 600 SECONDS REACHED!

CPU time used: 600.486608 seconds

Choose: 25507050, Backtrack: 25507030

-------------------------------------

Running comp/001_aim-100-1_6-no-1_u.cnf DLIS

Number of Variables: 100
Number of Clauses: 160

UNSAT: No model!

[0, 0, 0, 0, 0, 0, 0, 0, 0, 0, 0, 0, 0, 0, 0, 0, 0, 0, 0, 0,
0, 0, 0, 0, 0, 0, 0, 0, 0, 0, 0, 0, 0, 0, 0, 0, 0, 0, 0, 0,
0, 0, 0, 0, 0, 0, 0, 0, 0, 0, 0, 0, 0, 0, 0, 0, 0, 0, 0, 0, 
0, 0, 0, 0, 0, 0, 0, 0, 0, 0, 0, 0, 0, 0, 0, 0, 0, 0, 0, 0,
0, 0, 0, 0, 0, 0, 0, 0, 0, 0, 0, 0, 0, 0, 0, 0, 0, 0, 0, 0]


CPU time used: 28.303434 seconds

Choose: 1213887, Backtrack: 1213888

-------------------------------------


Running comp/001_aim-100-1_6-no-1_u.cnf DLCS

Number of Variables: 100
Number of Clauses: 160

UNSAT: No model!

[0, 0, 0, 0, 0, 0, 0, 0, 0, 0, 0, 0, 0, 0, 0, 0, 0, 0, 0, 0,
0, 0, 0, 0, 0, 0, 0, 0, 0, 0, 0, 0, 0, 0, 0, 0, 0, 0, 0, 0,
0, 0, 0, 0, 0, 0, 0, 0, 0, 0, 0, 0, 0, 0, 0, 0, 0, 0, 0, 0,
0, 0, 0, 0, 0, 0, 0, 0, 0, 0, 0, 0, 0, 0, 0, 0, 0, 0, 0, 0,
0, 0, 0, 0, 0, 0, 0, 0, 0, 0, 0, 0, 0, 0, 0, 0, 0, 0, 0, 0]


CPU time used: 6.096053 seconds

Choose: 220283, Backtrack: 220284

-------------------------------------
Running comp/001_aim-100-1_6-no-1_u.cnf JW

Number of Variables: 100
Number of Clauses: 160

UNSAT: No model!

[0, 0, 0, 0, 0, 0, 0, 0, 0, 0, 0, 0, 0, 0, 0, 0, 0, 0, 0, 0,
0, 0, 0, 0, 0, 0, 0, 0, 0, 0, 0, 0, 0, 0, 0, 0, 0, 0, 0, 0,
0, 0, 0, 0, 0, 0, 0, 0, 0, 0, 0, 0, 0, 0, 0, 0, 0, 0, 0, 0,
0, 0, 0, 0, 0, 0, 0, 0, 0, 0, 0, 0, 0, 0, 0, 0, 0, 0, 0, 0, 
0, 0, 0, 0, 0, 0, 0, 0, 0, 0, 0, 0, 0, 0, 0, 0, 0, 0, 0, 0]


CPU time used: 31.333586 seconds

Choose: 1213887, Backtrack: 1213888

-------------------------------------
-----------------------------------------------------------------------------------------------------------------------------------------------------------------------------------------

Running comp/002_aim-100-1_6-no-2_u.cnf INC

Number of Variables: 100
Number of Clauses: 160

TIMEOUT of 600 SECONDS REACHED!

CPU time used: 600.704721 seconds

Choose: 35850267, Backtrack: 35850252

-------------------------------------


Running comp/002_aim-100-1_6-no-2_u.cnf DLIS

Number of Variables: 100
Number of Clauses: 160

UNSAT: No model!

[0, 0, 0, 0, 0, 0, 0, 0, 0, 0, 0, 0, 0, 0, 0, 0, 0, 0, 0, 0,
0, 0, 0, 0, 0, 0, 0, 0, 0, 0, 0, 0, 0, 0, 0, 0, 0, 0, 0, 0,
0, 0, 0, 0, 0, 0, 0, 0, 0, 0, 0, 0, 0, 0, 0, 0, 0, 0, 0, 0,
0, 0, 0, 0, 0, 0, 0, 0, 0, 0, 0, 0, 0, 0, 0, 0, 0, 0, 0, 0, 
0, 0, 0, 0, 0, 0, 0, 0, 0, 0, 0, 0, 0, 0, 0, 0, 0, 0, 0, 0]


CPU time used: 7.085078 seconds

Choose: 326154, Backtrack: 326155

-------------------------------------


Running comp/002_aim-100-1_6-no-2_u.cnf DLCS

Number of Variables: 100
Number of Clauses: 160

UNSAT: No model!

[0, 0, 0, 0, 0, 0, 0, 0, 0, 0, 0, 0, 0, 0, 0, 0, 0, 0, 0, 0,
0, 0, 0, 0, 0, 0, 0, 0, 0, 0, 0, 0, 0, 0, 0, 0, 0, 0, 0, 0,
0, 0, 0, 0, 0, 0, 0, 0, 0, 0, 0, 0, 0, 0, 0, 0, 0, 0, 0, 0,
0, 0, 0, 0, 0, 0, 0, 0, 0, 0, 0, 0, 0, 0, 0, 0, 0, 0, 0, 0, 
0, 0, 0, 0, 0, 0, 0, 0, 0, 0, 0, 0, 0, 0, 0, 0, 0, 0, 0, 0]


CPU time used: 3.055320 seconds

Choose: 102863, Backtrack: 102864

-------------------------------------
Running comp/002_aim-100-1_6-no-2_u.cnf JW

Number of Variables: 100
Number of Clauses: 160

UNSAT: No model!

[0, 0, 0, 0, 0, 0, 0, 0, 0, 0, 0, 0, 0, 0, 0, 0, 0, 0, 0, 0,
0, 0, 0, 0, 0, 0, 0, 0, 0, 0, 0, 0, 0, 0, 0, 0, 0, 0, 0, 0,
0, 0, 0, 0, 0, 0, 0, 0, 0, 0, 0, 0, 0, 0, 0, 0, 0, 0, 0, 0,
0, 0, 0, 0, 0, 0, 0, 0, 0, 0, 0, 0, 0, 0, 0, 0, 0, 0, 0, 0, 
0, 0, 0, 0, 0, 0, 0, 0, 0, 0, 0, 0, 0, 0, 0, 0, 0, 0, 0, 0]


CPU time used: 9.151907 seconds

Choose: 326154, Backtrack: 326155

-------------------------------------

------------------------------------------------------
-------------------------------------------------------
--------------------------------------------------------
--------------------
Running comp/003_aim-100-1_6-no-3_u.cnf INC

Number of Variables: 100
Number of Clauses: 160

TIMEOUT of 600 SECONDS REACHED!

CPU time used: 600.761077 seconds

Choose: 33010637, Backtrack: 33010620

-------------------------------------


Running comp/003_aim-100-1_6-no-3_u.cnf DLIS

Number of Variables: 100
Number of Clauses: 160

UNSAT: No model!

[0, 0, 0, 0, 0, 0, 0, 0, 0, 0, 0, 0, 0, 0, 0, 0, 0, 0, 0, 0,
0, 0, 0, 0, 0, 0, 0, 0, 0, 0, 0, 0, 0, 0, 0, 0, 0, 0, 0, 0,
0, 0, 0, 0, 0, 0, 0, 0, 0, 0, 0, 0, 0, 0, 0, 0, 0, 0, 0, 0,
0, 0, 0, 0, 0, 0, 0, 0, 0, 0, 0, 0, 0, 0, 0, 0, 0, 0, 0, 0,
0, 0, 0, 0, 0, 0, 0, 0, 0, 0, 0, 0, 0, 0, 0, 0, 0, 0, 0, 0]


CPU time used: 16.165987 seconds

Choose: 739054, Backtrack: 739055

-------------------------------------


Running comp/003_aim-100-1_6-no-3_u.cnf DLCS

Number of Variables: 100
Number of Clauses: 160

UNSAT: No model!

[0, 0, 0, 0, 0, 0, 0, 0, 0, 0, 0, 0, 0, 0, 0, 0, 0, 0, 0, 0,
0, 0, 0, 0, 0, 0, 0, 0, 0, 0, 0, 0, 0, 0, 0, 0, 0, 0, 0, 0,
0, 0, 0, 0, 0, 0, 0, 0, 0, 0, 0, 0, 0, 0, 0, 0, 0, 0, 0, 0,
0, 0, 0, 0, 0, 0, 0, 0, 0, 0, 0, 0, 0, 0, 0, 0, 0, 0, 0, 0,
0, 0, 0, 0, 0, 0, 0, 0, 0, 0, 0, 0, 0, 0, 0, 0, 0, 0, 0, 0]


CPU time used: 13.185774 seconds

Choose: 549184, Backtrack: 549185

-------------------------------------


Running comp/003_aim-100-1_6-no-3_u.cnf JW

Number of Variables: 100
Number of Clauses: 160

UNSAT: No model!

[0, 0, 0, 0, 0, 0, 0, 0, 0, 0, 0, 0, 0, 0, 0, 0, 0, 0, 0, 0,
0, 0, 0, 0, 0, 0, 0, 0, 0, 0, 0, 0, 0, 0, 0, 0, 0, 0, 0, 0,
0, 0, 0, 0, 0, 0, 0, 0, 0, 0, 0, 0, 0, 0, 0, 0, 0, 0, 0, 0,
0, 0, 0, 0, 0, 0, 0, 0, 0, 0, 0, 0, 0, 0, 0, 0, 0, 0, 0, 0,
0, 0, 0, 0, 0, 0, 0, 0, 0, 0, 0, 0, 0, 0, 0, 0, 0, 0, 0, 0]


CPU time used: 19.158375 seconds

Choose: 739054, Backtrack: 739055

-------------------------------------

--------------------------------------------
----------------------------------------------
-------------------------------------------------
----------------------------------------------

Running comp/004_aim-100-1_6-no-4_u.cnf INC

Number of Variables: 100
Number of Clauses: 160

TIMEOUT of 600 SECONDS REACHED!

CPU time used: 600.816115 seconds

Choose: 34447046, Backtrack: 34447027

-------------------------------------


Running comp/004_aim-100-1_6-no-4_u.cnf DLIS

Number of Variables: 100
Number of Clauses: 160

UNSAT: No model!

[0, 0, 0, 0, 0, 0, 0, 0, 0, 0, 0, 0, 0, 0, 0, 0, 0, 0, 0, 0,
0, 0, 0, 0, 0, 0, 0, 0, 0, 0, 0, 0, 0, 0, 0, 0, 0, 0, 0, 0,
0, 0, 0, 0, 0, 0, 0, 0, 0, 0, 0, 0, 0, 0, 0, 0, 0, 0, 0, 0,
0, 0, 0, 0, 0, 0, 0, 0, 0, 0, 0, 0, 0, 0, 0, 0, 0, 0, 0, 0,
0, 0, 0, 0, 0, 0, 0, 0, 0, 0, 0, 0, 0, 0, 0, 0, 0, 0, 0, 0]


CPU time used: 19.208507 seconds

Choose: 811310, Backtrack: 811311

-------------------------------------


Running comp/004_aim-100-1_6-no-4_u.cnf DLCS

Number of Variables: 100
Number of Clauses: 160

UNSAT: No model!

[0, 0, 0, 0, 0, 0, 0, 0, 0, 0, 0, 0, 0, 0, 0, 0, 0, 0, 0, 0,
0, 0, 0, 0, 0, 0, 0, 0, 0, 0, 0, 0, 0, 0, 0, 0, 0, 0, 0, 0,
0, 0, 0, 0, 0, 0, 0, 0, 0, 0, 0, 0, 0, 0, 0, 0, 0, 0, 0, 0,
0, 0, 0, 0, 0, 0, 0, 0, 0, 0, 0, 0, 0, 0, 0, 0, 0, 0, 0, 0, 
0, 0, 0, 0, 0, 0, 0, 0, 0, 0, 0, 0, 0, 0, 0, 0, 0, 0, 0, 0]


CPU time used: 9.137189 seconds

Choose: 342179, Backtrack: 342180

-------------------------------------


Running comp/004_aim-100-1_6-no-4_u.cnf JW

Number of Variables: 100
Number of Clauses: 160

UNSAT: No model!

[0, 0, 0, 0, 0, 0, 0, 0, 0, 0, 0, 0, 0, 0, 0, 0, 0, 0, 0, 0,
0, 0, 0, 0, 0, 0, 0, 0, 0, 0, 0, 0, 0, 0, 0, 0, 0, 0, 0, 0,
0, 0, 0, 0, 0, 0, 0, 0, 0, 0, 0, 0, 0, 0, 0, 0, 0, 0, 0, 0,
0, 0, 0, 0, 0, 0, 0, 0, 0, 0, 0, 0, 0, 0, 0, 0, 0, 0, 0, 0,
0, 0, 0, 0, 0, 0, 0, 0, 0, 0, 0, 0, 0, 0, 0, 0, 0, 0, 0, 0]


CPU time used: 23.213976 seconds

Choose: 811310, Backtrack: 811311

-------------------------------------

-----------------------------------------
-----------------------------------------
-----------------------------------------
-----------------------------------------
---------------------

Running comp/005_aim-100-1_6-yes1-1_s.cnf INC

Number of Variables: 100
Number of Clauses: 160

SAT! Model:

[1, 2, -3, 4, 5, -6, -7, -8, -9, -10, 11, -12, -13, 14, 15, 16, -17, -18, 19, -20, 
-21, -22, 23, 24, 25, 26, -27, 28, -29, -30, -31, 32, -33, 34, 35, 36, 37, 38, 39, 
-40,
-41, 42, -43, -44, -45, -46, -47, -48, 49, 50, -51, -52, 53, -54, 55, -56, 57, -58, 59, 60,
-61, 62, -63, -64, 65, -66, 67, 68, -69, -70, -71, -72, 73, -74, -75, -76, -77, -78, 79, -80,
-81, -82, 83, -84, -85, 86, -87, 88, 89, -90, -91, -92, -93, 94, 95, -96, 97, -98, 
99, -100]


MODEL VERIFIED!

CPU time used: 23.238293 seconds

Choose: 1120583, Backtrack: 1120573

-------------------------------------


Running comp/005_aim-100-1_6-yes1-1_s.cnf DLIS

Number of Variables: 100
Number of Clauses: 160

SAT! Model:

[1, 2, -3, 4, 5, -6, -7, -8, -9, -10, 11, -12, -13, 14, 15, 16, -17, -18, 19, -20, 
-21, -22, 23, 24, 25, 26, -27, 28, -29, -30, -31, 32, -33, 34, 35, 36, 37, 38, 39, 
-40,
-41, 42, -43, -44, -45, -46, -47, -48, 49, 50, -51, -52, 53, -54, 55, -56, 57, -58, 59, 60,
-61, 62, -63, -64, 65, -66, 67, 68, -69, -70, -71, -72, 73, -74, -75, -76, -77, -78, 79, -80,
-81, -82, 83, -84, -85, 86, -87, 88, 89, -90, -91, -92, -93, 94, 95, -96, 97, -98, 
99, -100]


MODEL VERIFIED!

CPU time used: 1.050000 seconds

Choose: 18291, Backtrack: 18286

-------------------------------------


Running comp/005_aim-100-1_6-yes1-1_s.cnf DLCS

Number of Variables: 100
Number of Clauses: 160

SAT! Model:

[1, 2, -3, 4, 5, -6, -7, -8, -9, -10, 11, -12, -13, 14, 15, 16, -17, -18, 19, -20, 
-21, -22, 23, 24, 25, 26, -27, 28, -29, -30, -31, 32, -33, 34, 35, 36, 37, 38, 39, 
-40,
-41, 42, -43, -44, -45, -46, -47, -48, 49, 50, -51, -52, 53, -54, 55, -56, 57, -58, 59, 60,
-61, 62, -63, -64, 65, -66, 67, 68, -69, -70, -71, -72, 73, -74, -75, -76, -77, -78, 79, -80,
-81, -82, 83, -84, -85, 86, -87, 88, 89, -90, -91, -92, -93, 94, 95, -96, 97, -98, 
99, -100]


MODEL VERIFIED!

CPU time used: 1.039967 seconds

Choose: 27368, Backtrack: 27360

-------------------------------------


Running comp/005_aim-100-1_6-yes1-1_s.cnf JW

Number of Variables: 100
Number of Clauses: 160

SAT! Model:

[1, 2, -3, 4, 5, -6, -7, -8, -9, -10, 11, -12, -13, 14, 15, 16, -17, -18, 19, -20, 
-21, -22, 23, 24, 25, 26, -27, 28, -29, -30, -31, 32, -33, 34, 35, 36, 37, 38, 39, 
-40,
-41, 42, -43, -44, -45, -46, -47, -48, 49, 50, -51, -52, 53, -54, 55, -56, 57, -58, 59, 60, 
-61, 62, -63, -64, 65, -66, 67, 68, -69, -70, -71, -72, 73, -74, -75, -76, -77, -78, 79, -80,
-81, -82, 83, -84, -85, 86, -87, 88, 89, -90, -91, -92, -93, 94, 95, -96, 97, -98, 
99, -100]


MODEL VERIFIED!

CPU time used: 1.048073 seconds

Choose: 18278, Backtrack: 18272

-------------------------------------
-----------------------------------------
-------------------------------------------
-------------------------------------------
-------------------------------------------
---------------
Running comp/006_aim-100-1_6-yes1-2_s.cnf INC

Number of Variables: 100
Number of Clauses: 160

SAT! Model:

[1, -2, 3, -4, 5, 6, -7, 8, -9, -10, 11, 12, 13, 14, 15, -16, -17, 18, 19, -20,    
-21, -22, 23, 24, 25, 26, -27, -28, -29, -30, -31, 32, -33, -34, 35, 36, -37, 38, -39, 40,
-41, 42, 43, -44, 45, -46, 47, -48, -49, 50, 51, -52, -53, 54, -55, -56, 57, 58, 59, -60,
-61, -62, -63, -64, 65, -66, -67, 68, 69, -70, 71, -72, 73, 74, -75, -76, -77, 78, 
79, -80,
81, 82, 83, 84, -85, -86, -87, 88, 89, 90, -91, -92, 93, -94, 95, -96, -97, -98, -99, 100]


MODEL VERIFIED!

CPU time used: 284.830593 seconds

Choose: 17940285, Backtrack: 17940272

-------------------------------------


Running comp/006_aim-100-1_6-yes1-2_s.cnf DLIS

Number of Variables: 100
Number of Clauses: 160

SAT! Model:

[1, -2, 3, -4, 5, 6, -7, 8, -9, -10, 11, 12, 13, 14, 15, -16, -17, 18, 19, -20,    
-21, -22, 23, 24, 25, 26, -27, -28, -29, -30, -31, 32, -33, -34, 35, 36, -37, 38, -39, 40,
-41, 42, 43, -44, 45, -46, 47, -48, -49, 50, 51, -52, -53, 54, -55, -56, 57, 58, 59, -60,
-61, -62, -63, -64, 65, -66, -67, 68, 69, -70, 71, -72, 73, 74, -75, -76, -77, 78, 
79, -80,
81, 82, 83, 84, -85, -86, -87, 88, 89, 90, -91, -92, 93, -94, 95, -96, -97, -98, -99, 100]


MODEL VERIFIED!

CPU time used: 6.101867 seconds

Choose: 229976, Backtrack: 229972

-------------------------------------


Running comp/006_aim-100-1_6-yes1-2_s.cnf DLCS

Number of Variables: 100
Number of Clauses: 160

SAT! Model:

[1, -2, 3, -4, 5, 6, -7, 8, -9, -10, 11, 12, 13, 14, 15, -16, -17, 18, 19, -20,    
-21, -22, 23, 24, 25, 26, -27, -28, -29, -30, -31, 32, -33, -34, 35, 36, -37, 38, -39, 40,
-41, 42, 43, -44, 45, -46, 47, -48, -49, 50, 51, -52, -53, 54, -55, -56, 57, 58, 59, -60,
-61, -62, -63, -64, 65, -66, -67, 68, 69, -70, 71, -72, 73, 74, -75, -76, -77, 78, 
79, -80,
81, 82, 83, 84, -85, -86, -87, 88, 89, 90, -91, -92, 93, -94, 95, -96, -97, -98, -99, 100]


MODEL VERIFIED!

CPU time used: 1.040195 seconds

Choose: 31247, Backtrack: 31243

-------------------------------------


Running comp/006_aim-100-1_6-yes1-2_s.cnf JW

Number of Variables: 100
Number of Clauses: 160

SAT! Model:

[1, -2, 3, -4, 5, 6, -7, 8, -9, -10, 11, 12, 13, 14, 15, -16, -17, 18, 19, -20,    
-21, -22, 23, 24, 25, 26, -27, -28, -29, -30, -31, 32, -33, -34, 35, 36, -37, 38, -39, 40,
-41, 42, 43, -44, 45, -46, 47, -48, -49, 50, 51, -52, -53, 54, -55, -56, 57, 58, 59, -60,
-61, -62, -63, -64, 65, -66, -67, 68, 69, -70, 71, -72, 73, 74, -75, -76, -77, 78, 
79, -80,
81, 82, 83, 84, -85, -86, -87, 88, 89, 90, -91, -92, 93, -94, 95, -96, -97, -98, -99, 100]


MODEL VERIFIED!

CPU time used: 7.070048 seconds

Choose: 229976, Backtrack: 229972

-------------------------------------

---------------------------------------
----------------------------------------
----------------------------------------
-----------------------------------------
-------------------------


Running comp/007_aim-100-1_6-yes1-3_s.cnf INC

Number of Variables: 100
Number of Clauses: 160

SAT! Model:

[-1, 2, -3, -4, -5, -6, -7, 8, 9, 10, -11, -12, -13, 14, 15, -16, -17, 18, 19, -20,
21, 22, -23, -24, -25, -26, -27, -28, 29, 30, -31, 32, 33, 34, 35, -36, -37, 38, 39, 40,
-41, -42, -43, -44, -45, 46, 47, -48, 49, -50, -51, -52, 53, -54, -55, -56, 57, 58, -59, -60,
-61, 62, 63, -64, -65, -66, 67, 68, 69, -70, -71, 72, -73, 74, -75, 76, -77, 78, 79, 80,
-81, -82, 83, -84, 85, 86, -87, -88, 89, 90, 91, 92, -93, 94, 95, -96, -97, -98, 99, -100]


MODEL VERIFIED!

CPU time used: 511.911897 seconds

Choose: 24749581, Backtrack: 24749577

-------------------------------------


Running comp/007_aim-100-1_6-yes1-3_s.cnf DLIS

Number of Variables: 100
Number of Clauses: 160

SAT! Model:

[-1, 2, -3, -4, -5, -6, -7, 8, 9, 10, -11, -12, -13, 14, 15, -16, -17, 18, 19, -20,
21, 22, -23, -24, -25, -26, -27, -28, 29, 30, -31, 32, 33, 34, 35, -36, -37, 38, 39, 40,
-41, -42, -43, -44, -45, 46, 47, -48, 49, -50, -51, -52, 53, -54, -55, -56, 57, 58, -59, -60,
-61, 62, 63, -64, -65, -66, 67, 68, 69, -70, -71, 72, -73, 74, -75, 76, -77, 78, 79, 80,
-81, -82, 83, -84, 85, 86, -87, -88, 89, 90, 91, 92, -93, 94, 95, -96, -97, -98, 99, -100]


MODEL VERIFIED!

CPU time used: 12.162872 seconds

Choose: 550098, Backtrack: 550088

-------------------------------------


Running comp/007_aim-100-1_6-yes1-3_s.cnf DLCS

Number of Variables: 100
Number of Clauses: 160

SAT! Model:

[-1, 2, -3, -4, -5, -6, -7, 8, 9, 10, -11, -12, -13, 14, 15, -16, -17, 18, 19, -20,
21, 22, -23, -24, -25, -26, -27, -28, 29, 30, -31, 32, 33, 34, 35, -36, -37, 38, 39, 40,
-41, -42, -43, -44, -45, 46, 47, -48, 49, -50, -51, -52, 53, -54, -55, -56, 57, 58, -59, -60,
-61, 62, 63, -64, -65, -66, 67, 68, 69, -70, -71, 72, -73, 74, -75, 76, -77, 78, 79, 80,
-81, -82, 83, -84, 85, 86, -87, -88, 89, 90, 91, 92, -93, 94, 95, -96, -97, -98, 99, -100]


MODEL VERIFIED!

CPU time used: 2.046075 seconds

Choose: 69600, Backtrack: 69590

-------------------------------------


Running comp/007_aim-100-1_6-yes1-3_s.cnf JW

Number of Variables: 100
Number of Clauses: 160

SAT! Model:

[-1, 2, -3, -4, -5, -6, -7, 8, 9, 10, -11, -12, -13, 14, 15, -16, -17, 18, 19, -20,
21, 22, -23, -24, -25, -26, -27, -28, 29, 30, -31, 32, 33, 34, 35, -36, -37, 38, 39, 40,
-41, -42, -43, -44, -45, 46, 47, -48, 49, -50, -51, -52, 53, -54, -55, -56, 57, 58, -59, -60,
-61, 62, 63, -64, -65, -66, 67, 68, 69, -70, -71, 72, -73, 74, -75, 76, -77, 78, 79, 80,
-81, -82, 83, -84, 85, 86, -87, -88, 89, 90, 91, 92, -93, 94, 95, -96, -97, -98, 99, -100]


MODEL VERIFIED!

CPU time used: 15.235940 seconds

Choose: 553752, Backtrack: 553742

-------------------------------------

------------------------------------
-------------------------------------
-------------------------------------
-------------------------------------
--------------------------------------

Running comp/008_aim-100-1_6-yes1-4_s.cnf INC

Number of Variables: 100
Number of Clauses: 160

SAT! Model:

[1, 2, 3, -4, -5, 6, 7, -8, 9, -10, 11, -12, 13, 14, 15, 16, -17, -18, -19, 20,
-21, -22, 23, 24, 25, -26, 27, 28, 29, 30, 31, 32, 33, -34, 35, 36, -37, 38, -39, -40,
41, 42, -43, 44, -45, -46, -47, -48, 49, 50, 51, -52, -53, 54, -55, -56, 57, 58, -59, -60,
61, 62, -63, -64, 65, -66, -67, -68, -69, 70, -71, -72, -73, -74, 75, -76, -77, 78, -79, -80,
81, 82, -83, 84, 85, -86, 87, 88, 89, 90, 91, 92, -93, 94, -95, -96, -97, 98, 99, -100]


MODEL VERIFIED!

CPU time used: 192.893402 seconds

Choose: 12212684, Backtrack: 12212669

-------------------------------------


Running comp/008_aim-100-1_6-yes1-4_s.cnf DLIS

Number of Variables: 100
Number of Clauses: 160

SAT! Model:

[1, 2, 3, -4, -5, 6, 7, -8, 9, -10, 11, -12, 13, 14, 15, 16, -17, -18, -19, 20, 
-21, -22, 23, 24, 25, -26, 27, 28, 29, 30, 31, 32, 33, -34, 35, 36, -37, 38, -39, -40,        
41, 42, -43, 44, -45, -46, -47, -48, 49, 50, 51, -52, -53, 54, -55, -56, 57, 58, -59, -60,    
61, 62, -63, -64, 65, -66, -67, -68, -69, 70, -71, -72, -73, -74, 75, -76, -77, 78, -79, -80, 
81, 82, -83, 84, 85, -86, 87, 88, 89, 90, 91, 92, -93, 94, -95, -96, -97, 98, 99, -100]


MODEL VERIFIED!

CPU time used: 14.152706 seconds

Choose: 558453, Backtrack: 558444

-------------------------------------


Running comp/008_aim-100-1_6-yes1-4_s.cnf DLCS

Number of Variables: 100
Number of Clauses: 160

SAT! Model:

[1, 2, 3, -4, -5, 6, 7, -8, 9, -10, 11, -12, 13, 14, 15, 16, -17, -18, -19, 20,
-21, -22, 23, 24, 25, -26, 27, 28, 29, 30, 31, 32, 33, -34, 35, 36, -37, 38, -39, -40,
41, 42, -43, 44, -45, -46, -47, -48, 49, 50, 51, -52, -53, 54, -55, -56, 57, 58, -59, -60,
61, 62, -63, -64, 65, -66, -67, -68, -69, 70, -71, -72, -73, -74, 75, -76, -77, 78, -79, -80, 
81, 82, -83, 84, 85, -86, 87, 88, 89, 90, 91, 92, -93, 94, -95, -96, -97, 98, 99, -100]


MODEL VERIFIED!

CPU time used: 2.064446 seconds

Choose: 41369, Backtrack: 41360

-------------------------------------


Running comp/008_aim-100-1_6-yes1-4_s.cnf JW

Number of Variables: 100
Number of Clauses: 160

SAT! Model:

[1, 2, 3, -4, -5, 6, 7, -8, 9, -10, 11, -12, 13, 14, 15, 16, -17, -18, -19, 20,
-21, -22, 23, 24, 25, -26, 27, 28, 29, 30, 31, 32, 33, -34, 35, 36, -37, 38, -39, -40,
41, 42, -43, 44, -45, -46, -47, -48, 49, 50, 51, -52, -53, 54, -55, -56, 57, 58, -59, -60,
61, 62, -63, -64, 65, -66, -67, -68, -69, 70, -71, -72, -73, -74, 75, -76, -77, 78, -79, -80, 
81, 82, -83, 84, 85, -86, 87, 88, 89, 90, 91, 92, -93, 94, -95, -96, -97, 98, 99, -100]


MODEL VERIFIED!

CPU time used: 16.169490 seconds

Choose: 559854, Backtrack: 559845

-------------------------------------

---------------------------------------
----------------------------------------
----------------------------------------
----------------------------------------
--------------------------

Running comp/009_aim-100-2_0-no-1_u.cnf INC

Number of Variables: 100
Number of Clauses: 200

TIMEOUT of 600 SECONDS REACHED!

CPU time used: 600.925372 seconds

Choose: 20312612, Backtrack: 20312594

-------------------------------------


Running comp/009_aim-100-2_0-no-1_u.cnf DLIS

Number of Variables: 100
Number of Clauses: 200

TIMEOUT of 600 SECONDS REACHED!

CPU time used: 600.827987 seconds

Choose: 19999099, Backtrack: 19999083

-------------------------------------


Running comp/009_aim-100-2_0-no-1_u.cnf DLCS

Number of Variables: 100
Number of Clauses: 200

UNSAT: No model!

[0, 0, 0, 0, 0, 0, 0, 0, 0, 0, 0, 0, 0, 0, 0, 0, 0, 0, 0, 0,
0, 0, 0, 0, 0, 0, 0, 0, 0, 0, 0, 0, 0, 0, 0, 0, 0, 0, 0, 0,
0, 0, 0, 0, 0, 0, 0, 0, 0, 0, 0, 0, 0, 0, 0, 0, 0, 0, 0, 0,
0, 0, 0, 0, 0, 0, 0, 0, 0, 0, 0, 0, 0, 0, 0, 0, 0, 0, 0, 0,
0, 0, 0, 0, 0, 0, 0, 0, 0, 0, 0, 0, 0, 0, 0, 0, 0, 0, 0, 0]


CPU time used: 203.987290 seconds

Choose: 5965181, Backtrack: 5965182

-------------------------------------


Running comp/009_aim-100-2_0-no-1_u.cnf JW

Number of Variables: 100
Number of Clauses: 200

TIMEOUT of 600 SECONDS REACHED!

CPU time used: 600.889372 seconds

Choose: 14716682, Backtrack: 14716667

-------------------------------------

-----------------------------------------
-----------------------------------------
-----------------------------------------
-----------------------------------------
---------------------

Running comp/010_aim-100-2_0-no-2_u.cnf INC

Number of Variables: 100
Number of Clauses: 200

TIMEOUT of 600 SECONDS REACHED!

CPU time used: 600.416731 seconds

Choose: 20003473, Backtrack: 20003459

-------------------------------------


Running comp/010_aim-100-2_0-no-2_u.cnf DLIS

Number of Variables: 100
Number of Clauses: 200

TIMEOUT of 600 SECONDS REACHED!

CPU time used: 600.738241 seconds

Choose: 16656326, Backtrack: 16656315

-------------------------------------


Running comp/010_aim-100-2_0-no-2_u.cnf DLCS

Number of Variables: 100
Number of Clauses: 200

UNSAT: No model!

[0, 0, 0, 0, 0, 0, 0, 0, 0, 0, 0, 0, 0, 0, 0, 0, 0, 0, 0, 0,
0, 0, 0, 0, 0, 0, 0, 0, 0, 0, 0, 0, 0, 0, 0, 0, 0, 0, 0, 0,
0, 0, 0, 0, 0, 0, 0, 0, 0, 0, 0, 0, 0, 0, 0, 0, 0, 0, 0, 0,
0, 0, 0, 0, 0, 0, 0, 0, 0, 0, 0, 0, 0, 0, 0, 0, 0, 0, 0, 0,
0, 0, 0, 0, 0, 0, 0, 0, 0, 0, 0, 0, 0, 0, 0, 0, 0, 0, 0, 0]


CPU time used: 402.774656 seconds

Choose: 11217833, Backtrack: 11217834

-------------------------------------


Running comp/010_aim-100-2_0-no-2_u.cnf JW

Number of Variables: 100
Number of Clauses: 200

TIMEOUT of 600 SECONDS REACHED!

CPU time used: 600.549267 seconds

Choose: 14509527, Backtrack: 14509511

-------------------------------------

---------------------------------------------
---------------------------------------------
---------------------------------------------
---------------------------------------------
-----
Running comp/011_aim-100-2_0-no-3_u.cnf INC

Number of Variables: 100
Number of Clauses: 200

TIMEOUT of 600 SECONDS REACHED!

CPU time used: 600.772618 seconds

Choose: 21462497, Backtrack: 21462479

-------------------------------------


Running comp/011_aim-100-2_0-no-3_u.cnf DLIS

Number of Variables: 100
Number of Clauses: 200

TIMEOUT of 600 SECONDS REACHED!

CPU time used: 600.942985 seconds

Choose: 18540178, Backtrack: 18540167

-------------------------------------


Running comp/011_aim-100-2_0-no-3_u.cnf DLCS

Number of Variables: 100
Number of Clauses: 200

UNSAT: No model!

[0, 0, 0, 0, 0, 0, 0, 0, 0, 0, 0, 0, 0, 0, 0, 0, 0, 0, 0, 0,
0, 0, 0, 0, 0, 0, 0, 0, 0, 0, 0, 0, 0, 0, 0, 0, 0, 0, 0, 0,
0, 0, 0, 0, 0, 0, 0, 0, 0, 0, 0, 0, 0, 0, 0, 0, 0, 0, 0, 0,
0, 0, 0, 0, 0, 0, 0, 0, 0, 0, 0, 0, 0, 0, 0, 0, 0, 0, 0, 0,
0, 0, 0, 0, 0, 0, 0, 0, 0, 0, 0, 0, 0, 0, 0, 0, 0, 0, 0, 0]


CPU time used: 232.313903 seconds

Choose: 6984589, Backtrack: 6984590

-------------------------------------


Running comp/011_aim-100-2_0-no-3_u.cnf JW

Number of Variables: 100
Number of Clauses: 200

TIMEOUT of 600 SECONDS REACHED!

CPU time used: 600.782283 seconds

Choose: 15217043, Backtrack: 15217025

-------------------------------------

---------------------------------------
----------------------------------------
----------------------------------------
----------------------------------------
--------------------------


Running comp/011_aim-100-2_0-no-3_u.cnf JW

Number of Variables: 100
Number of Clauses: 200

CPU time used: 600.782283 seconds

Choose: 15217043, Backtrack: 15217025

-------------------------------------

---------------------------------------------------------------------------------------------------------------------------------------------------------------------------------------------------------------------------------------                                       ---------------------------

Running comp/012_aim-100-2_0-no-4_u.cnf INC

Number of Variables: 100
Number of Clauses: 200

TIMEOUT of 600 SECONDS REACHED!

CPU time used: 600.683140 seconds

Choose: 24979862, Backtrack: 24979852

-------------------------------------


Running comp/012_aim-100-2_0-no-4_u.cnf DLIS

Number of Variables: 100
Number of Clauses: 200

TIMEOUT of 600 SECONDS REACHED!

CPU time used: 600.744240 seconds

Choose: 20665486, Backtrack: 20665471

-------------------------------------


Running comp/012_aim-100-2_0-no-4_u.cnf DLCS

Number of Variables: 100
Number of Clauses: 200

UNSAT: No model!

[0, 0, 0, 0, 0, 0, 0, 0, 0, 0, 0, 0, 0, 0, 0, 0, 0, 0, 0, 0,
0, 0, 0, 0, 0, 0, 0, 0, 0, 0, 0, 0, 0, 0, 0, 0, 0, 0, 0, 0,
0, 0, 0, 0, 0, 0, 0, 0, 0, 0, 0, 0, 0, 0, 0, 0, 0, 0, 0, 0,
0, 0, 0, 0, 0, 0, 0, 0, 0, 0, 0, 0, 0, 0, 0, 0, 0, 0, 0, 0,
0, 0, 0, 0, 0, 0, 0, 0, 0, 0, 0, 0, 0, 0, 0, 0, 0, 0, 0, 0]


CPU time used: 344.397990 seconds

Choose: 10203824, Backtrack: 10203825

-------------------------------------